0.299713
0.314740
0.328113
0.342897
0.353693
0.364451
0.375069
0.386258
0.397376
0.405516
0.415272
0.426096
0.436459
0.444899
0.453854
0.467127
0.478937
0.490359
0.501868
0.514553
0.527658
0.537018
0.547475
0.558030
0.571056
0.582897
0.593159
0.604651
0.615091
0.622820
0.632355
0.642682
0.652332
0.662218
0.672244
0.682495
0.689657
0.696312
0.703566
0.713300
0.722656
0.731502
0.739884
0.745659
0.750743
0.759139
0.768324
0.774454
0.783846
0.789892
0.796971
0.804835
0.809153
0.815737
0.821348
0.826822
0.833509
0.839162
0.848075
0.853613
0.860140
0.867989
0.876594
0.881828
0.887827
0.893820
0.898611
0.904440
0.908886
0.913319
0.918099
0.920880
0.923457
0.927970
0.933878
0.937816
0.942553
0.946216
0.946423
0.948243
0.954238
0.955023
0.958386
0.960798
0.962624
0.963181
0.967725
0.972830
0.976034
0.977503
0.977829
0.978743
0.979499
0.978957
0.980398
0.981655
0.983630
0.983412
0.986450
0.986163
0.985030
0.987359
0.986695
0.987311
0.985182
0.985258
0.983324
0.984544
0.985351
0.980442
0.978375
0.976910
0.974997
0.972300
0.970511
0.968298
0.968512
0.963248
0.959121
0.958579
0.954838
0.952511
0.948745
0.945521
0.940246
0.936702
0.933120
0.929028
0.925334
0.923452
0.918525
0.911199
0.906305
0.899611
0.895125
0.891608
0.886694
0.877955
0.870904
0.863059
0.856265
0.850179
0.845505
0.838586
0.833054
0.825002
0.818964
0.809087
0.803706
0.794875
0.787166
0.779985
0.771818
0.763044
0.756257
0.747107
0.737660
0.733277
0.723936
0.717033
0.709181
0.699902
0.691216
0.683079
0.673571
0.665955
0.656504
0.646491
0.637112
0.629029
0.620300
0.609691
0.599845
0.590100
0.579818
0.572336
0.561033
0.548424
0.537894
0.527606
0.516060
0.506426
0.497652
0.489502
0.481905
0.471206
0.459451
0.450518
0.441277
0.429503
0.419026
0.410264
0.399385
0.388648
0.375512
0.362666
0.353234
0.342692
0.332571
0.319544
0.308621
0.295452
0.285628
0.273900
0.262340
0.250640
0.241184
0.227771
0.214199
0.202785
0.190614
0.180132
0.169493
0.156763
0.143255
0.133046
0.118103
0.107671
0.094121
0.082122
0.068508
0.055930
0.046738
0.033802
0.020922
0.008960
-0.006096
-0.019757
-0.030382
-0.041969
-0.054534
-0.066870
-0.079406
-0.092876
-0.105822
-0.119473
-0.134370
-0.147777
-0.159910
-0.173073
-0.183450
-0.192530
-0.204087
-0.215476
-0.229868
-0.239102
-0.251289
-0.265307
-0.276830
-0.288883
-0.299641
-0.309555
-0.321260
-0.332354
-0.343758
-0.356441
-0.370197
-0.382768
-0.393799
-0.406194
-0.417198
-0.429755
-0.440642
-0.454053
-0.463225
-0.475219
-0.487887
-0.496722
-0.507589
-0.517841
-0.526295
-0.535022
-0.546355
-0.558360
-0.571384
-0.579255
-0.590089
-0.597812
-0.604487
-0.614738
-0.624590
-0.634247
-0.643882
-0.651671
-0.659837
-0.669320
-0.676489
-0.683457
-0.692766
-0.702817
-0.712044
-0.720770
-0.729083
-0.738277
-0.749063
-0.756879
-0.768176
-0.773861
-0.781173
-0.788378
-0.794368
-0.801616
-0.809606
-0.813484
-0.823675
-0.832427
-0.837467
-0.841879
-0.849294
-0.856080
-0.862575
-0.869618
-0.876188
-0.883142
-0.887619
-0.892288
-0.895817
-0.899649
-0.905601
-0.909965
-0.912953
-0.916595
-0.922444
-0.926534
-0.930544
-0.933463
-0.939447
-0.940083
-0.945713
-0.950717
-0.953543
-0.958285
-0.960930
-0.964231
-0.968633
-0.972758
-0.973228
-0.978533
-0.981824
-0.981205
-0.980787
-0.979678
-0.980993
-0.983475
-0.985466
-0.983069
-0.984165
-0.981541
-0.983536
-0.983306
-0.984578
-0.984028
-0.985925
-0.988048
-0.988796
-0.986482
-0.985753
-0.986507
-0.984268
-0.982892
-0.981105
-0.979651
-0.976666
-0.975757
-0.974739
-0.973712
-0.972594
-0.969611
-0.968517
-0.966039
-0.961729
-0.958429
-0.956569
-0.950388
-0.946544
-0.942820
-0.938907
-0.935388
-0.932496
-0.924682
-0.920321
-0.917005
-0.911131
-0.907374
-0.900528
-0.892853
-0.886249
-0.880458
-0.875350
-0.867029
-0.861878
-0.856287
-0.850968
-0.847039
-0.842158
-0.835520
-0.832178
-0.824621
-0.820742
-0.811983
-0.802411
-0.796960
-0.790194
-0.780238
-0.770153
-0.761248
-0.752910
-0.742541
-0.734827
-0.727335
-0.716994
-0.706006
-0.697751
-0.689263
-0.678206
-0.666669
-0.657507
-0.647499
-0.638103
-0.630068
-0.621219
-0.614793
-0.604562
-0.594465
-0.586767
-0.575921
-0.566001
-0.554165
-0.543108
-0.534255
-0.526668
-0.515716
-0.502571
-0.493818
-0.480568
-0.470731
-0.463262
-0.450969
-0.442780
-0.427911
-0.417415
-0.405151
-0.396134
-0.385268
-0.374415
-0.360887
-0.350429
-0.337290
-0.326086
-0.310842
0.000000
0.000000
0.000000
0.000000
0.000000
0.000000
0.000000
0.000000
0.000000
0.000000
0.000000
0.000000
0.000000
0.000000
0.000000
0.000000
0.000000
0.000000
0.000000
0.000000
0.000000
0.000000
0.000000
0.000000
0.000000
0.000000
0.000000
0.000000
0.000000
0.000000
0.000000
0.000000
0.000000
0.000000
0.000000
0.000000
0.000000
0.000000
0.000000
0.000000
0.000000
0.000000
0.000000
0.000000
0.000000
0.000000
0.000000
0.000000
0.000000
0.000000
